0   120 91  0   0   0   0   0   0   0   0   0   0   0   0   0   0   0   0
120 0   85  184 0   0   0   0   0   0   0   0   0   0   0   0   0   0   0
91  85  0   0   191 0   0   0   0   0   0   0   0   0   0   0   0   0   0
0   184 0   0   0   0   55  0   0   0   0   115 0   0   0   0   0   0   0
0   0   191 0   0   64  0   67  0   0   0   0   0   0   0   0   0   0   0
0   0   0   0   0   0   0   0   0   0   0   0   0   0   0   0   0   0   0
0   0   0   0   0   0   0   0   0   0   0   0   0   0   0   0   0   0   0
0   0   0   0   67  0   0   0   85  0   230 0   0   0   0   0   0   0   0
0   0   0   0   0   0   0   85  0   111 0   0   0   0   0   0   0   0   0
0   0   0   0   0   140 183 0   111 0   104 0   0   0   0   0   0   0   0
0   0   0   0   0   0   171 230 0   104 0   170 75  220 0   0   0   0   0
0   0   0   115 0   0   123 0   0   0   170 0   0   189 59  0   0   0   0
0   0   0   0   0   0   0   0   0   0   75  0   0   0   0   0   0   0   0
0   0   0   0   0   0   0   0   0   0   220 189 0   0   0   0   0   0   102
0   0   0   0   0   0   0   0   0   0   0   59  0   0   0   93  0   81  0
0   0   0   0   0   0   0   0   0   0   0   0   0   0   93  0   73  0   0
0   0   0   0   0   0   0   0   0   0   0   0   0   0   0   73  0   0   0
0   0   0   0   0   0   0   0   0   0   0   0   0   0   81  0   0   0   126
0   0   0   0   0   0   0   0   0   0   0   0   0   102 0   0   0   126 0
